0.2772290253
0.1921063687
0.1557721297
0.1344320167
0.1199866705
0.1093783279
0.1011628514
0.09455783835
0.08909775073
0.08448598437
0.08052343546
0.07402739654
0.06888633711
0.06468648877
0.06117179215
0.05683172453
0.05226315782
0.04947855421
0.04568725702
0.04265255383
0.0401522431
0.03729162829
0.03466905689
0.03253225477
0.03034567336
0.02822583128
0.02636635715
0.02461924498
0.02292075918
0.02139280356
0.01996514646
0.01860665924
0.01734469189
0.01618937268
0.01509211991
0.01407391907
0.01312646906
0.01224524169
0.0114273313
0.01066186843
0.009951044949
0.009283859317
0.008669484997
0.008092146356
0.007557426576
0.00705990878
0.006599009443
0.006170973339
0.00577413371
0.005406765113
0.005069007059
0.004758214993
0.004474012661
0.004215244319
0.003982472856
0.003774745043
0.003592298363
0.00343550765
0.00330534523
0.003202499958
0.003128241174
0.003083796313
0.00307059708
0.003090054594
0.003143598928
0.003232723795
0.003358956961
0.003524083048
0.003730272971
0.003980170902
0.004277103621
0.004625290014
0.00502993323
0.005497386402
0.006035402254
0.006653223729
0.007361666746
0.008173635651
0.009104099197
0.01017045433
0.01139298308
0.01279506854
0.01440369966
0.01625011789
0.01837013165
0.02080519185
0.02360280339
0.02681774351
0.03051304339
0.03476111276
0.03964533727
0.04526148752
0.05171988318
