43233.98838
30570.85464
24960.94999
21616.79841
19334.64422
17650.0311
16340.75231
15285.37416
14411.18973
13671.65621
13035.41424
11990.84052
11162.86875
10485.69318
9918.476617
9217.448029
8478.826142
8028.301742
7414.531351
6922.952418
6517.751565
6053.962759
5628.590115
5281.886055
4926.994416
4582.828829
4280.848558
3997.040359
3721.057655
3472.717513
3240.616456
3019.697488
2814.410918
2626.409311
2447.788629
2281.963796
2127.582564
1983.905263
1850.455357
1725.454162
1609.252461
1500.041669
1399.312541
1304.464226
1216.393871
1134.187452
1057.720776
986.3363081
919.7111851
857.4997483
799.660093
745.6586927
695.3277826
648.336463
604.6371894
563.8705104
525.8555317
490.3938223
457.3780695
426.5864229
397.9039573
371.1630557
346.2637591
323.0543071
301.4497153
281.3348958
262.6271873
245.2410653
229.1022525
214.1532885
200.3493358
187.6600532
176.077087
165.6181632
156.3322683
148.3101976
141.6933097
136.67694
133.5153661
132.5131167
134.0064878
138.3369774
145.825491
156.7615046
171.4103117
190.0408492
212.9554265
240.5220361
273.1979595
311.5472622
356.2574791
408.1518002
468.2069133
