72362.40718
51126.7
41733.54342
36137.44423
32319.70198
29502.12751
27312.61196
25547.87201
24086.22428
22849.78858
21786.0987
20039.8435
18655.77019
17523.823
16575.71168
15403.96865
14169.43109
13416.44084
12390.62878
11569.05548
10891.8557
10116.75016
9405.856549
8826.441711
8233.348658
7658.18527
7153.524425
6679.234721
6218.024852
5803.011748
5415.138108
5045.952877
4702.893162
4388.720694
4090.227225
3813.119981
3555.139901
3315.051829
3092.060572
2883.195474
2689.044522
2506.588336
2338.320284
2179.899196
2032.828173
1895.586202
1767.972593
1648.898211
1537.834949
1434.219579
1337.997685
1248.300583
1164.87337
1087.196827
1015.227339
948.4152624
886.5171765
829.2745202
776.5906794
728.2033616
684.0415704
643.9757294
608.0041571
576.0757429
548.2593886
524.6034084
505.2105689
490.1815206
479.6182717
473.6096893
472.2107424
475.4344228
483.250268
495.5886383
512.3552934
533.445067
558.7530334
588.1987892
621.727346
659.3185814
700.9953084
746.8185322
796.8894926
851.3524925
910.3849337
974.207154
1043.070401
1117.264116
1197.112991
1282.974866
1375.245075
1474.352896
1580.768089
