43648.9622
30864.46782
25200.7308
21824.47293
19520.40236
17819.60837
16497.7522
15432.23473
14549.65107
13803.01159
13160.65579
12106.04376
11270.11454
10586.43032
10013.76162
9305.994203
8560.27146
8105.415501
7485.743497
6989.437353
6580.339532
6112.089769
5682.625087
5332.585274
4974.27855
4626.800453
4321.913068
4035.372053
3756.731172
3505.998379
3271.660395
3048.611491
2841.344902
2651.529203
2471.184146
2303.757673
2147.884572
2002.818133
1868.077351
1741.866496
1624.539942
1514.27184
1412.567678
1316.801801
1227.880498
1144.881475
1067.680029
995.6131566
928.3559745
865.5608669
807.1871199
752.6982268
701.9273437
654.5436833
610.5029171
569.4471802
531.1998099
495.5679244
462.4518304
431.6389
403.0262089
376.461149
351.8619551
329.0997342
308.1161663
288.8287486
271.1922198
255.1645253
240.7202616
227.8543729
216.5757178
206.9049439
198.8746805
192.5242195
187.8932794
185.017637
183.922786
184.6186867
187.0989284
191.3412762
197.3121697
204.9716905
214.2797765
225.2026055
237.7153452
251.8074367
267.4820845
284.7587634
303.6727864
324.2744889
346.6296798
370.8180883
396.9342219
