0.5259254428
0.3603488807
0.2910160435
0.2506268314
0.2234125335
0.2034860953
0.1880862697
0.1757241539
0.165516914
0.1569035778
0.1495083735
0.137395565
0.1278180636
0.1199993344
0.1134596048
0.1053882207
0.09689644145
0.09172271322
0.08468096817
0.07904632962
0.07440506155
0.06909614952
0.06423004444
0.06026595317
0.05621011827
0.05227864637
0.04883052289
0.04559118531
0.04244245957
0.03961033722
0.03696464221
0.03444776663
0.03211049619
0.02997169536
0.02794160716
0.02605931949
0.02430976914
0.02268495346
0.02117994632
0.01977531283
0.01847577322
0.01726210788
0.01615200165
0.01511819063
0.01417226086
0.01330636611
0.01252155667
0.01181383003
0.01118326331
0.01063028234
0.01015829054
0.009766826118
0.009458664962
0.009235445575
0.009099704148
0.009051998416
0.009092931319
0.00922227635
0.009438575723
0.009740414081
0.01012545327
0.01059207337
0.01113804223
0.01176288636
0.01246545325
0.01324639167
0.01410636192
0.01504726354
0.01607182765
0.01718325272
0.01838546955
0.01968327657
0.0210820439
0.02258777028
0.02420735556
0.02594831499
0.02781853386
0.02982710658
0.03198361146
0.03429838551
0.0367828254
0.03944905831
0.04231014498
0.04538035855
0.04867476724
0.05220994387
0.05600344382
0.06007435237
0.06444325163
0.06913222724
0.07416522062
0.0795679449
0.08536835045
