72931.46008
51530.01714
42108.6723
36495.36165
32640.3509
29798.0836
27586.81
25811.91387
24345.70762
23111.32481
22047.26972
20296.33142
18900.70703
17756.73318
16796.71647
15600.51405
14336.88066
13566.90542
12521.687
11679.41747
10991.57843
10204.05631
9483.644043
8897.284736
8302.533653
7720.768929
7204.065044
6713.117704
6236.70108
5806.163911
5409.695576
5035.754922
4694.003254
4386.054851
4094.968616
3823.607136
3570.715652
3338.25657
3121.058986
2915.162415
2721.186276
2535.695854
2359.258743
2197.044676
2051.554193
1915.746505
1790.788005
1672.18746
1556.866768
1445.25319
1339.294801
1248.338522
1161.46846
1079.433275
1002.308153
937.0096917
871.4789189
815.5551864
767.8794773
726.5285892
683.9240216
649.4923794
621.9360897
593.2538509
565.6452387
540.2444136
519.6558769
505.9034721
497.4413022
496.1891463
501.2057395
508.9173131
516.4989018
532.8599805
553.1895553
583.8016798
622.7226802
670.5595966
725.2100757
789.2482542
858.8207489
926.8449918
997.3309168
1067.418151
1136.385924
1220.644096
1302.772994
1369.490483
1416.151762
1415.414339
1311.312343
1115.360174
819.0320789
