0.2687328495
0.1899584947
0.1551520298
0.134389426
0.1201723383
0.1096899492
0.1015172747
0.09493383374
0.0894888367
0.08487202121
0.08091653974
0.07442848582
0.06925545266
0.06501677866
0.06146340827
0.05705571048
0.05241883434
0.04962008278
0.04585082578
0.0428548508
0.04039880647
0.03758493967
0.03499172744
0.03287516981
0.03069570449
0.02858628892
0.02671558302
0.02494805238
0.02321946783
0.02165274265
0.02017604919
0.01877726186
0.01747502437
0.0162783803
0.01514429008
0.01408926276
0.01310126999
0.01216895762
0.01131059251
0.0105150653
0.009803058766
0.00913961351
0.008550813497
0.008010115753
0.007507580264
0.007007041949
0.006562139638
0.006146091246
0.005752369115
0.005379615546
0.005049870824
0.0047196505
0.004384941194
0.004081862075
0.003838718812
0.003637098905
0.003482885746
0.003375192833
0.003302676511
0.003246950088
0.003197571002
0.003165213283
0.003174611875
0.003214416734
0.003277178586
0.003369913761
0.003488105772
0.003648534388
0.00385078735
0.004094526783
0.004382503991
0.004727626517
0.005106305256
0.005506084831
0.005940633618
0.006404126697
0.006891433341
0.00743109024
0.008082475857
0.008886220954
0.009867285056
0.01107200503
0.01254730059
0.01431048669
0.01633373311
0.01852283499
0.02064871269
0.02243383755
0.02346246267
0.02321512506
0.02108418636
0.01688280717
0.01246094005
