0.5469678085
0.3661171552
0.2930984844
0.2512660522
0.2233515478
0.2030422711
0.1874172619
0.1749165435
0.1646217586
0.1559526164
0.1485221426
0.1363755748
0.1267913291
0.11897936
0.1124532936
0.1044082782
0.09595488387
0.09080955888
0.08381218473
0.07821751237
0.07361196118
0.06834682105
0.06352341388
0.05959582546
0.05557885573
0.05168645862
0.04827370215
0.04506850473
0.04195381395
0.03915304021
0.0365373003
0.03404958656
0.03174006925
0.02962735037
0.02762278
0.02576501315
0.02403924628
0.02243768368
0.02095559725
0.0195740293
0.01829785291
0.01710849489
0.01602361666
0.01501698454
0.01410040536
0.01326682732
0.01251789798
0.01185050152
0.01126550672
0.01076413542
0.01035019838
0.01002391764
0.009788162479
0.00964458887
0.009594964412
0.009639407563
0.009777683172
0.01000883324
0.01033060391
0.01074144926
0.0112389243
0.01182185622
0.01248850014
0.01323938474
0.01407425169
0.0149950033
0.01600353655
0.01710319603
0.01829830406
0.01959376656
0.02099542274
0.02251025175
0.02414608729
0.02591175374
0.02781746958
0.02987461322
0.03209554805
0.03449475762
0.03708815814
0.03989362656
0.04293161401
0.04622504717
0.04979993101
0.05368613165
0.05791736927
0.06253273818
0.06757677692
0.07310105333
0.0791651684
0.08583797938
0.09319951778
0.1013425306
0.1103750922
