44478.53058
31451.10566
25679.75829
22239.35804
19891.51858
18158.41862
16811.4565
15725.70348
14826.3599
14065.54326
13410.9915
12336.35885
11484.56321
10787.90454
10204.37004
9483.176338
8723.311559
8259.832264
7628.416288
7122.708272
6705.863987
6228.752252
5791.164897
5434.509205
5069.435602
4715.401354
4404.767632
4112.832589
3828.95386
3573.515574
3334.787945
3107.569883
2896.438843
2703.094164
2519.407212
2348.890042
2190.152094
2042.432816
1905.242215
1776.751841
1657.322402
1545.095329
1441.602624
1344.172237
1253.726161
1169.325903
1090.844261
1017.606759
949.2827905
885.518671
826.2721931
770.9977598
719.524931
671.5168653
626.9267066
585.3896927
546.7242443
510.7318423
477.3073526
446.2306988
417.391376
390.6273133
365.8460078
342.9052112
321.7310279
302.2218779
284.30991
267.9261305
253.0135638
239.5310447
227.4471448
216.7390566
207.3949884
199.4118324
192.7923553
187.5450646
183.6816615
181.212368
180.1455885
180.4852097
182.2299628
185.3737152
189.9066511
195.8178253
203.0968364
211.7376198
221.739453
233.1098525
245.8656547
260.0335734
275.6513684
292.7673983
311.4416345
