0.4948471356
0.3497075439
0.2855779991
0.2472874095
0.2211465789
0.2018811685
0.1869642364
0.1748956341
0.1648898004
0.1564481353
0.1491502044
0.1371458704
0.1276623743
0.1198883632
0.1133567875
0.1052949183
0.09679953638
0.09161064686
0.08453266891
0.07890243174
0.07425592048
0.06892951608
0.0640254803
0.06002516835
0.05589841999
0.05192501876
0.04851518689
0.04531715067
0.0422259945
0.03945405005
0.03685314148
0.03433410443
0.03200889191
0.02988074316
0.02783714019
0.02592025009
0.02413071152
0.02246873615
0.02092299955
0.01952675453
0.01829443853
0.01715079623
0.01612936663
0.01516813881
0.01422255171
0.01331807925
0.0125425354
0.01185504386
0.01126145658
0.01077870639
0.01031698056
0.00990233721
0.009513873894
0.009204028411
0.008971265424
0.00886946333
0.008901989981
0.009045057379
0.00924115249
0.009500196039
0.009801747524
0.01015451982
0.01058448818
0.01109965838
0.01166856694
0.0122869377
0.01293344041
0.01358628368
0.01424198851
0.01490298845
0.01557786432
0.01628194261
0.0171838551
0.01839876134
0.01978964571
0.02126429922
0.02287685211
0.02457471954
0.02647800275
0.02863659972
0.031058492
0.03381983196
0.03677044544
0.03964358441
0.04261736526
0.04553190881
0.04754238679
0.04915683868
0.05176799558
0.0554981062
0.06000878257
0.06305162588
0.06299333638
