43780.44125
30955.72767
25279.94542
21879.17752
19565.93479
17853.99918
16531.03733
15462.22728
14577.1539
13829.36733
13186.00925
12124.82052
11279.76826
10586.6901
10008.04311
9293.666542
8549.962333
8100.083922
7488.433291
7001.341505
6597.503697
6130.722741
5697.356503
5341.421927
4977.476256
4625.471117
4315.495088
4026.431361
3750.102123
3499.727264
3267.76279
3049.34305
2844.909035
2651.805632
2468.704125
2298.195488
2137.932704
1988.57389
1852.053904
1722.275345
1602.098038
1494.291131
1396.610515
1304.688304
1221.004813
1141.699382
1069.008568
1001.058736
936.5662944
874.948444
821.3030871
768.1605285
718.9611869
673.4525105
630.4740447
587.5771113
545.892971
505.7250802
471.1441159
438.0884943
406.0262489
376.771307
349.1023333
322.4830969
297.0078637
273.3820638
253.9013119
237.9119818
222.9965934
211.3267067
201.8917745
189.2298267
179.3688133
167.4265969
156.3845823
145.7217725
138.3098435
130.9978413
126.7666147
126.2229915
131.1722873
135.2559939
139.3880087
147.0768289
157.1647805
171.4798853
197.6491659
231.7410639
270.6026347
319.5027152
375.3850385
416.8424342
463.3949965
