0.4948664816
0.3498105195
0.2856646754
0.2473660863
0.2212543369
0.2020452662
0.1870783861
0.1750021417
0.16500782
0.1565382194
0.1492586152
0.1372939438
0.1278569161
0.1200929182
0.1135410285
0.1054603951
0.09699616228
0.09184051375
0.08483085617
0.07923962254
0.07464674476
0.06939753442
0.06454141907
0.06059594099
0.05654636497
0.0525951216
0.04904931232
0.04567827379
0.04241722487
0.03952606214
0.03686357742
0.03441071785
0.03215632714
0.03011195036
0.02816278938
0.02634532088
0.02461892265
0.02301582098
0.02150405348
0.02009104555
0.01876584631
0.01749002409
0.01631383857
0.01523289536
0.01422756552
0.0133399947
0.01256909118
0.0118787367
0.01120573
0.01063328411
0.01012950369
0.009724206311
0.009385856897
0.00915747502
0.009022910707
0.008961750123
0.008968565025
0.009049051803
0.009197232736
0.009415855068
0.00970709618
0.01008122357
0.01058637439
0.01118291448
0.01187297397
0.01267325435
0.01359352611
0.01459592397
0.01572229558
0.01694953149
0.01825352015
0.01962002407
0.02108541817
0.02264510703
0.02436731295
0.02631202713
0.02844968976
0.03082251402
0.03343701918
0.03611908156
0.03907580817
0.04260693622
0.0468214392
0.05133776759
0.05569379434
0.05962790349
0.06281306351
0.0651303691
0.06681209016
0.06640921313
0.06275997974
0.06339819772
0.07465811861
