0.00501064587
0.01002129174
0.01503193761
0.02004258348
0.02505322935
0.03006387522
0.03507452109
0.04008516696
0.04509581283
0.0501064587
0.05511710457
0.06513839631
0.07515968805
0.08518097979
0.09520227153
0.1102342091
0.1302767926
0.1453087302
0.1703619596
0.1954151889
0.2204684183
0.2555429394
0.2956281063
0.3357132733
0.385819732
0.4459474824
0.5110858788
0.5862455668
0.6764371925
0.7766501099
0.8918949649
1.027182403
1.182512425
1.357885031
1.563321511
1.798821867
2.069396744
2.380056788
2.735812645
3.146685606
3.617686318
4.163846718
4.785166806
5.506699811
6.33345638
7.285479095
8.377799895
9.635472008
11.08354866
12.75209374
14.66616046
16.87084464
19.40623145
22.327438
25.67956008
29.5377574
33.97718965
39.08804843
44.96052539
51.71988667
59.49139842
68.43540129
78.71724662
90.55239216
104.1613063
119.8195747
137.8278359
158.541846
182.3724777
209.7857213
241.3177158
277.5897812
319.3134294
367.3053955
422.5126917
486.0226281
559.0728342
643.1063761
739.7717563
850.9629988
978.8697559
1126.002361
1295.246947
1489.935592
1713.881399
1971.493735
2267.823331
2608.692559
3000.800652
3451.843961
3970.68632
4567.50936
5254.043004
