0.3245191541
0.2089792484
0.1646767655
0.139964855
0.1237447723
0.1120758518
0.1031714
0.09609152892
0.09028938089
0.08542263706
0.08126476743
0.07449367802
0.06917246738
0.06484852458
0.0612450409
0.05681320413
0.05216802145
0.04934612182
0.04551472117
0.04245622306
0.03994148323
0.03706971547
0.03444159511
0.03230333988
0.03011791566
0.02800155711
0.02614689908
0.02440568459
0.02271409325
0.02119322326
0.01977286274
0.0184218545
0.01716724178
0.01601894874
0.01492858525
0.013916931
0.01297567948
0.01210029361
0.01128786579
0.01052759519
0.009821670592
0.009159195298
0.008549322849
0.007976458091
0.007446229806
0.006953376508
0.006497458467
0.006074931719
0.005684363791
0.005324314242
0.004995215071
0.004694832418
0.004423202452
0.004179666015
0.003965213889
0.003779426413
0.003622968197
0.003496541562
0.003401168701
0.003337426368
0.003306022441
0.003307324048
0.003341437105
0.003408240326
0.003507284857
0.003638109533
0.003800136902
0.003992975685
0.004216475142
0.004470726012
0.004756175793
0.005073712605
0.005424632489
0.005810681837
0.006234159769
0.006697883039
0.007205161725
0.007760081034
0.008367378062
0.009032601663
0.009762307455
0.01056409467
0.01144681918
0.01242086638
0.01349823885
0.01469303811
0.01602159188
0.01750297854
0.01915941519
0.02101670774
0.02310489828
0.02545881381
0.02811892265
