0.005011592436
0.01002318487
0.01503477731
0.02004636974
0.02505796218
0.03006955461
0.03508114705
0.04009273948
0.04510433192
0.05011592436
0.05512751679
0.06515070166
0.07517388653
0.0851970714
0.09522025627
0.1102550336
0.1303014033
0.1453361806
0.1703941428
0.195452105
0.2205100672
0.2555912142
0.2956839537
0.3357766932
0.3858926175
0.4460317268
0.5111824284
0.586356315
0.6765649788
0.7767968275
0.8920634535
1.027376449
1.182735815
1.35814155
1.56361684
1.799161684
2.069787676
2.380506407
2.73632947
3.147280049
3.618369738
4.164633314
4.786070776
5.507740087
6.334652838
7.286855401
8.379382552
9.637292253
11.08564247
12.75450275
14.66893106
16.87403173
19.4098975
22.33165589
25.68441123
29.54333741
33.98360831
39.09543259
44.96901892
51.72965712
59.50263699
68.44832948
78.73211716
90.56949849
104.1809835
119.8422099
137.8538731
158.5717963
182.4069299
209.8253521
241.3633033
277.6422209
319.3737511
367.3747835
422.5925089
486.1144431
559.1784492
643.2278659
739.9115072
851.1237549
979.054675
1126.215075
1295.491633
1490.217057
1714.205169
1971.866171
2268.251748
2609.18537
3001.367536
3452.496052
3971.436426
4568.372212
5255.03555
