43737.39746
30927.38537
25255.83691
21862.15535
19539.92663
17828.97557
16500.68586
15431.37292
14544.77013
13797.71422
13152.37656
12099.96192
11271.83307
10591.67589
10019.53928
9310.567811
8563.366349
8107.08108
7489.599306
6995.070835
6589.459347
6125.974792
5700.071776
5352.673638
4995.172446
4644.274607
4336.028136
4045.377563
3763.481967
3509.96624
3273.383695
3044.892465
2836.064124
2642.287041
2460.897207
2294.483518
2142.673013
2000.875784
1868.257789
1745.247474
1630.465519
1521.458144
1420.109038
1323.983316
1232.338703
1147.982149
1066.67416
988.8401745
921.9911145
860.9410951
802.7219109
750.9231418
700.2619732
652.865707
611.4118069
569.7840313
530.2122593
493.7108867
457.080009
419.2196321
385.5067176
357.9971782
336.3804602
316.0049959
298.7603781
282.2332691
265.5399315
248.6089217
235.6165445
228.9981784
226.2085161
223.8790842
220.5059909
214.8956388
204.4955167
194.7667833
185.745674
182.9110048
187.008336
198.1004137
211.3583408
228.4367875
250.4637026
272.6331271
289.1728466
301.1282456
299.4661516
287.2760543
269.6151025
246.2452933
227.9929646
202.3847817
114.2824862
