73352.17793
51867.6768
42349.79906
36676.04738
32804.10541
29945.96595
27724.62767
25934.06322
24450.91618
23196.22093
22116.77233
20344.55236
18939.82345
17790.93802
16828.61078
15639.26628
14386.14998
13621.81327
12580.52923
11746.55516
11059.12967
10272.31801
9550.688869
8962.526859
8360.485172
7776.651236
7264.391454
6782.970302
6314.838089
5893.609524
5499.941585
5125.257813
4777.106744
4458.290575
4155.405817
3874.244004
3612.512581
3368.957936
3142.77265
2930.942856
2734.064075
2549.073613
2378.497955
2217.934601
2068.905097
1929.865354
1800.60869
1680.027805
1567.582948
1462.697716
1365.309281
1274.528888
1190.086846
1111.44314
1038.535926
970.7867953
907.9222187
849.6469544
795.8233872
746.1362468
700.4558639
658.5810986
620.4321309
585.8652254
554.8547733
527.3467661
503.3482879
482.8735811
465.9585565
452.6572625
443.0251733
437.1100843
434.9462995
436.546876
441.9019447
450.9809686
463.7355194
480.1125678
500.0595325
523.5341765
550.5149719
581.0029463
615.0266502
652.6469078
693.9517891
739.064425
788.1350646
841.3462429
898.9105478
961.0687737
1028.092682
1100.282043
1177.969006
