0.2687412287
0.1898991899
0.1548927562
0.1341554688
0.1200432255
0.1096302275
0.1015175515
0.0949972742
0.08958592245
0.08499938621
0.08104591895
0.07455942294
0.06942411524
0.06522625554
0.06169886718
0.05736491427
0.05280080282
0.05000793739
0.04619878054
0.04316564981
0.04063065565
0.03770218949
0.03499998256
0.03278033069
0.03049972308
0.0283016525
0.0263662628
0.02455884331
0.02281989574
0.02126847309
0.01984718954
0.01850681774
0.01727797769
0.01614992008
0.01509301146
0.01411975423
0.01319764345
0.0123567916
0.01154848881
0.01077125097
0.01002518893
0.009334019179
0.008687558086
0.008097813059
0.007552212048
0.007068357595
0.006622516577
0.006200264733
0.005806747953
0.005431232213
0.005070993975
0.004716266826
0.004378221175
0.004087831884
0.003819971571
0.00360233473
0.003442413995
0.003318875835
0.003199859312
0.003123967295
0.00306669879
0.003056832229
0.00308776624
0.003151188123
0.003231871805
0.003353232025
0.003502590972
0.003689870521
0.003913094593
0.004177190253
0.004474087379
0.004795211698
0.005139940536
0.005537813072
0.006000704643
0.006538560505
0.007121432032
0.007746420788
0.008451668107
0.00930517668
0.0103689142
0.01171760567
0.0133764506
0.01540013228
0.01775138557
0.02048318732
0.0237073206
0.02753218314
0.03216916729
0.0375330628
0.04329670801
0.04905875137
0.05424305388
