0.268854126
0.190226694
0.1552116343
0.1343741153
0.1201358344
0.1096268043
0.1014418575
0.09484015726
0.08937767769
0.08477944095
0.08083264662
0.07436846729
0.06926865837
0.0651165376
0.06162748879
0.05731007674
0.05276679539
0.04998205811
0.04617102646
0.04314662205
0.04064146399
0.0377517757
0.03510594877
0.032931988
0.03069569317
0.02853256798
0.02666526459
0.02490551307
0.0231840489
0.02162192392
0.02018777549
0.01880770091
0.01752836947
0.01635565474
0.01523501053
0.01419055474
0.01322048642
0.01232138597
0.01151506812
0.01077939917
0.01009478845
0.009452502221
0.008874379028
0.008292080265
0.007724345903
0.007208746664
0.006716911261
0.006260815857
0.005846292219
0.005474363187
0.005150330007
0.004853083965
0.004571223271
0.004320773068
0.004084819022
0.003845822359
0.003650269078
0.003504002195
0.003396144032
0.003308406815
0.003271205314
0.00326369123
0.003276811923
0.003309574807
0.003390435704
0.003494421811
0.003610884816
0.003737707086
0.003874715621
0.004008130846
0.004135109301
0.004263512705
0.004410263592
0.004566197771
0.004702492936
0.004865665203
0.005138256632
0.005523612207
0.005989475138
0.006554314431
0.007221155064
0.007981903877
0.008893869463
0.01001068211
0.0113608153
0.01296129676
0.01484303607
0.01710234706
0.01983208718
0.02296986896
0.02629990325
0.02903913871
0.03041045564
