72626.22183
51352.71011
41928.82678
36311.21898
32477.62887
29647.81468
27448.49746
25675.68659
24207.24624
22964.99262
21896.24764
20141.5991
18750.7953
17613.29602
16660.50334
15482.93816
14242.22564
13485.44993
12454.45918
11628.72144
10948.07854
10169.02128
9454.493875
8872.111135
8275.974823
7697.855489
7190.5976
6713.864551
6250.276647
5833.122289
5443.246555
5072.155306
4727.324556
4411.530774
4111.498033
3832.963513
3573.657042
3332.337692
3108.206837
2898.279433
2703.147407
2519.777318
2350.676355
2191.483531
2043.711443
1905.834291
1777.653512
1658.07889
1546.584886
1442.612018
1346.112668
1256.2242
1172.701899
1095.039113
1023.207832
956.6781744
895.2309659
838.6373483
786.8341149
739.6009951
696.9121217
658.6907815
624.9878599
595.8103182
571.2754585
551.4751236
536.5363053
526.5651528
521.6460416
521.8266374
527.1049315
537.4319733
552.7198948
572.8559655
597.7242615
627.2193
661.2543129
699.7857699
742.8065264
790.3527408
842.510164
899.4058227
961.2095948
1028.137405
1100.439203
1178.411575
1262.383647
1352.726664
1449.851018
1554.204264
1666.276909
1786.59853
1915.746069
