43720.08572
30977.98906
25302.95095
21912.20654
19589.28983
17874.85012
16539.83642
15465.6215
14576.61294
13824.3002
13178.85411
12120.02494
11278.97667
10590.65769
10015.874
9305.83727
8557.146581
8102.429677
7482.940739
6984.877515
6573.910932
6109.171298
5684.591854
5342.970685
4988.094076
4642.284331
4335.431822
4043.097833
3754.955905
3496.890089
3254.368478
3026.276439
2817.672551
2626.79575
2446.094835
2277.542731
2120.370446
1972.680106
1838.224042
1713.43044
1596.903557
1486.659683
1385.559856
1291.99416
1205.44802
1125.043308
1051.922165
987.5567842
924.3776759
866.4999685
813.5267926
762.9450329
714.6728814
670.9965915
628.252019
587.8468241
549.9433753
515.495949
483.5876453
455.3006704
429.9681643
406.9708509
386.3303572
363.825024
341.1447791
320.0351777
303.6367273
286.8683366
276.4197114
266.6385553
252.838502
238.5354529
224.3992739
206.8690699
194.2661445
187.7347846
186.7800156
188.3662861
197.0404678
208.4075704
221.373178
235.4868176
248.2808435
258.7795803
262.357757
258.4926231
245.066244
233.6166869
219.4552901
197.9491225
165.7417828
139.9494731
167.5124301
