72955.37484
51601.83594
42145.41151
36473.82183
32612.61129
29769.17304
27565.10119
25786.83578
24313.16083
23068.96083
21998.64038
20242.18309
18849.79541
17700.80143
16738.69389
15551.73651
14302.51049
13539.10829
12503.24939
11675.52822
10999.46846
10229.7077
9531.008416
8960.15371
8371.830803
7787.86824
7274.445669
6790.158648
6323.729356
5903.400173
5514.608663
5138.485095
4782.644248
4462.394316
4160.509336
3879.05274
3614.87477
3367.955906
3129.087581
2908.049948
2708.500699
2528.59753
2361.138252
2206.654444
2060.150523
1917.470457
1784.627699
1665.709127
1551.02748
1446.558288
1351.775969
1266.985353
1174.575173
1088.10225
1007.941039
932.2041222
858.5151401
804.7797587
766.4723532
731.6324437
699.1844674
669.5591632
632.3595176
587.8040746
548.3462746
517.1652964
489.3574113
471.6264187
455.7133364
436.3689904
419.35088
404.5084872
401.1529608
407.9065313
423.4168263
448.3313503
478.7033553
507.1580953
539.8191659
572.7749899
599.2142831
631.4504728
681.5063553
746.7512693
807.6774383
863.7041459
909.5682569
932.0291637
914.659849
863.5754484
805.4618082
828.1188512
951.7155689
