0.4949076826
0.3497112445
0.2855971942
0.2473463687
0.2211924207
0.2018502644
0.1868471433
0.1747072637
0.1646804734
0.156180637
0.1488923596
0.1369648421
0.1275520495
0.1198772434
0.1134669056
0.1055166624
0.0970438924
0.09186898889
0.08478613987
0.07913952027
0.07452609485
0.0692739585
0.06441754236
0.06045852689
0.05642661311
0.05250470891
0.04908668086
0.04590915283
0.04278856294
0.03999125663
0.0373985166
0.03492146227
0.03259159912
0.03045429634
0.02837406412
0.02641287133
0.02458539887
0.02293247963
0.02142422426
0.02002292645
0.01874905484
0.01755941634
0.01644054027
0.01537947204
0.01441168556
0.01351781201
0.01271816762
0.01199644454
0.01137002205
0.01078341176
0.0102705757
0.009820752467
0.00947692861
0.009219469824
0.009093284228
0.009085042231
0.009186008383
0.009350855587
0.009593129479
0.009944759141
0.01039494141
0.01093578193
0.01159982475
0.0123757267
0.0132283435
0.01416389974
0.015195541
0.01636620801
0.01770396183
0.01921883069
0.02086288954
0.02262604873
0.02455531957
0.0267632481
0.0292931467
0.03212752064
0.03517989467
0.03834920678
0.04153115583
0.04468840921
0.04785616687
0.05103364287
0.0542604901
0.05773020587
0.06159281885
0.06538191214
0.06857615266
0.0720000552
0.07729916015
0.08462676708
0.0941151841
0.09863790609
0.09401095161
