0.5564566211
0.3702629958
0.2957353935
0.2532183085
0.2249187337
0.2043642601
0.1885699431
0.1759454597
0.1655562987
0.1568128138
0.1493222515
0.1370844538
0.1274341487
0.1195720715
0.1130066498
0.1049161877
0.09641862653
0.09124820066
0.08421885783
0.07860044628
0.07397659996
0.06869198028
0.06385214843
0.0599122624
0.0558838006
0.05198141745
0.04856093945
0.04534947316
0.04222971265
0.03942534392
0.03680716545
0.03431804022
0.03200807016
0.02989569677
0.02789212426
0.02603581265
0.02431173557
0.02271182661
0.02123102864
0.01984999281
0.01857309402
0.01738112821
0.01629107404
0.01527568548
0.0143457681
0.01349292329
0.01271737031
0.01201419397
0.01138233713
0.01082093112
0.01033205621
0.009913793007
0.009567618728
0.009293964589
0.009094821184
0.008970279109
0.008921149357
0.008947811526
0.009050019175
0.009227341536
0.009478742439
0.009803471432
0.01020019252
0.01066867048
0.01120804252
0.01181870679
0.01250101505
0.01325626397
0.01408641945
0.01499384318
0.01598151972
0.01705318003
0.01821306421
0.01946596876
0.02081747311
0.02227370045
0.02384110747
0.02552718293
0.0273398361
0.02928762131
0.03137998578
0.03362698643
0.03603945334
0.03862921656
0.04140874436
0.04439173
0.04759263719
0.05102714489
0.05471209864
0.05866549087
0.06290672691
0.06745651608
0.07233721718
