0.2834435366
0.193777638
0.1563706288
0.1346153895
0.1199706223
0.109254377
0.1009762171
0.09433323502
0.0888496843
0.08422342838
0.08025216574
0.0737489651
0.06860819559
0.06441228506
0.06090333043
0.05657330524
0.05201869506
0.04924424423
0.04546872357
0.0424482497
0.0399607299
0.03711594617
0.03450904278
0.0323858612
0.03021406392
0.02810944111
0.02626411181
0.02453105105
0.02284703264
0.02133287867
0.01991890573
0.01857427474
0.01732604776
0.01618418591
0.01510064815
0.01409615485
0.01316248383
0.01229514247
0.01149123416
0.01074004629
0.01004369804
0.009391380663
0.008792009123
0.008230131632
0.007711122671
0.007229629929
0.006784977986
0.006373408332
0.005993159091
0.005642379455
0.005320951232
0.005026049488
0.004756945178
0.004512089807
0.004291468549
0.004093525798
0.003917715091
0.003763495405
0.0036307972
0.003519165341
0.003428672088
0.003359314643
0.003311394815
0.003285226419
0.003281371213
0.00330050947
0.003343503441
0.003411431241
0.003505637214
0.003627743458
0.00377972384
0.003963999294
0.004183484173
0.004441678658
0.004742817576
0.005091936536
0.005494932519
0.005958871575
0.006491989939
0.00710391298
0.007805926394
0.008611106594
0.009534614264
0.01059406706
0.0118097194
0.01320507705
0.01480712919
0.01664704188
0.01876071464
0.0211894186
0.02398070462
0.02718920361
0.03087785842
