72921.00444
51562.1524
42137.65949
36498.67889
32627.05078
29775.58832
27566.49016
25789.02536
24313.98165
23068.21175
22001.61343
20252.78343
18858.23001
17716.33521
16762.75893
15581.33699
14327.03907
13556.13452
12512.29824
11678.70393
10994.94384
10213.98267
9498.865117
8914.740178
8315.094172
7731.522198
7214.799294
6735.404616
6275.794246
5861.918411
5475.105166
5115.389733
4780.288014
4463.442037
4163.029457
3879.503203
3612.324263
3362.447392
3132.350629
2919.808076
2722.528697
2531.266504
2358.553407
2206.649456
2059.148798
1924.838156
1810.037032
1697.900903
1578.790761
1471.33028
1370.364477
1271.513638
1173.802011
1086.128861
1009.966309
942.6739849
883.0904374
833.1906568
780.7061103
724.4108506
668.8177291
609.4372556
558.2934157
521.7585483
488.0837043
461.055809
449.5523024
442.9625159
436.0143283
436.2409344
441.8218189
450.6578082
465.3626568
490.5003637
519.6842489
553.9606117
592.8928036
632.9018491
672.0683067
707.257361
739.2652793
769.915955
799.5524409
842.0198388
909.3819307
984.9756422
1050.368274
1091.964158
1089.723516
1112.478972
1234.087253
1409.846879
1640.72996
